{
 "cells": [
  {
   "cell_type": "code",
   "execution_count": 1,
   "id": "61765686",
   "metadata": {},
   "outputs": [],
   "source": [
    "import pandas as pd"
   ]
  },
  {
   "cell_type": "code",
   "execution_count": 2,
   "id": "09cc6ec5",
   "metadata": {},
   "outputs": [
    {
     "data": {
      "text/html": [
       "<div>\n",
       "<style scoped>\n",
       "    .dataframe tbody tr th:only-of-type {\n",
       "        vertical-align: middle;\n",
       "    }\n",
       "\n",
       "    .dataframe tbody tr th {\n",
       "        vertical-align: top;\n",
       "    }\n",
       "\n",
       "    .dataframe thead th {\n",
       "        text-align: right;\n",
       "    }\n",
       "</style>\n",
       "<table border=\"1\" class=\"dataframe\">\n",
       "  <thead>\n",
       "    <tr style=\"text-align: right;\">\n",
       "      <th></th>\n",
       "      <th>instant</th>\n",
       "      <th>dteday</th>\n",
       "      <th>season</th>\n",
       "      <th>yr</th>\n",
       "      <th>mnth</th>\n",
       "      <th>holiday</th>\n",
       "      <th>weekday</th>\n",
       "      <th>workingday</th>\n",
       "      <th>weathersit</th>\n",
       "      <th>temp</th>\n",
       "      <th>atemp</th>\n",
       "      <th>hum</th>\n",
       "      <th>windspeed</th>\n",
       "      <th>casual</th>\n",
       "      <th>registered</th>\n",
       "      <th>cnt</th>\n",
       "    </tr>\n",
       "  </thead>\n",
       "  <tbody>\n",
       "    <tr>\n",
       "      <th>0</th>\n",
       "      <td>1</td>\n",
       "      <td>01-01-2018</td>\n",
       "      <td>1</td>\n",
       "      <td>0</td>\n",
       "      <td>1</td>\n",
       "      <td>0</td>\n",
       "      <td>6</td>\n",
       "      <td>0</td>\n",
       "      <td>2</td>\n",
       "      <td>14.110847</td>\n",
       "      <td>18.18125</td>\n",
       "      <td>80.5833</td>\n",
       "      <td>10.749882</td>\n",
       "      <td>331</td>\n",
       "      <td>654</td>\n",
       "      <td>985</td>\n",
       "    </tr>\n",
       "    <tr>\n",
       "      <th>1</th>\n",
       "      <td>2</td>\n",
       "      <td>02-01-2018</td>\n",
       "      <td>1</td>\n",
       "      <td>0</td>\n",
       "      <td>1</td>\n",
       "      <td>0</td>\n",
       "      <td>0</td>\n",
       "      <td>0</td>\n",
       "      <td>2</td>\n",
       "      <td>14.902598</td>\n",
       "      <td>17.68695</td>\n",
       "      <td>69.6087</td>\n",
       "      <td>16.652113</td>\n",
       "      <td>131</td>\n",
       "      <td>670</td>\n",
       "      <td>801</td>\n",
       "    </tr>\n",
       "    <tr>\n",
       "      <th>2</th>\n",
       "      <td>3</td>\n",
       "      <td>03-01-2018</td>\n",
       "      <td>1</td>\n",
       "      <td>0</td>\n",
       "      <td>1</td>\n",
       "      <td>0</td>\n",
       "      <td>1</td>\n",
       "      <td>1</td>\n",
       "      <td>1</td>\n",
       "      <td>8.050924</td>\n",
       "      <td>9.47025</td>\n",
       "      <td>43.7273</td>\n",
       "      <td>16.636703</td>\n",
       "      <td>120</td>\n",
       "      <td>1229</td>\n",
       "      <td>1349</td>\n",
       "    </tr>\n",
       "    <tr>\n",
       "      <th>3</th>\n",
       "      <td>4</td>\n",
       "      <td>04-01-2018</td>\n",
       "      <td>1</td>\n",
       "      <td>0</td>\n",
       "      <td>1</td>\n",
       "      <td>0</td>\n",
       "      <td>2</td>\n",
       "      <td>1</td>\n",
       "      <td>1</td>\n",
       "      <td>8.200000</td>\n",
       "      <td>10.60610</td>\n",
       "      <td>59.0435</td>\n",
       "      <td>10.739832</td>\n",
       "      <td>108</td>\n",
       "      <td>1454</td>\n",
       "      <td>1562</td>\n",
       "    </tr>\n",
       "  </tbody>\n",
       "</table>\n",
       "</div>"
      ],
      "text/plain": [
       "   instant      dteday  season  yr  mnth  holiday  weekday  workingday  \\\n",
       "0        1  01-01-2018       1   0     1        0        6           0   \n",
       "1        2  02-01-2018       1   0     1        0        0           0   \n",
       "2        3  03-01-2018       1   0     1        0        1           1   \n",
       "3        4  04-01-2018       1   0     1        0        2           1   \n",
       "\n",
       "   weathersit       temp     atemp      hum  windspeed  casual  registered  \\\n",
       "0           2  14.110847  18.18125  80.5833  10.749882     331         654   \n",
       "1           2  14.902598  17.68695  69.6087  16.652113     131         670   \n",
       "2           1   8.050924   9.47025  43.7273  16.636703     120        1229   \n",
       "3           1   8.200000  10.60610  59.0435  10.739832     108        1454   \n",
       "\n",
       "    cnt  \n",
       "0   985  \n",
       "1   801  \n",
       "2  1349  \n",
       "3  1562  "
      ]
     },
     "execution_count": 2,
     "metadata": {},
     "output_type": "execute_result"
    }
   ],
   "source": [
    "data = pd.read_csv(r'C:\\upgrad assignments\\Linear Regression\\Datasets\\day.csv')\n",
    "data.head(4)"
   ]
  },
  {
   "cell_type": "code",
   "execution_count": 3,
   "id": "6520fa60",
   "metadata": {},
   "outputs": [
    {
     "data": {
      "text/html": [
       "<div>\n",
       "<style scoped>\n",
       "    .dataframe tbody tr th:only-of-type {\n",
       "        vertical-align: middle;\n",
       "    }\n",
       "\n",
       "    .dataframe tbody tr th {\n",
       "        vertical-align: top;\n",
       "    }\n",
       "\n",
       "    .dataframe thead th {\n",
       "        text-align: right;\n",
       "    }\n",
       "</style>\n",
       "<table border=\"1\" class=\"dataframe\">\n",
       "  <thead>\n",
       "    <tr style=\"text-align: right;\">\n",
       "      <th></th>\n",
       "      <th>instant</th>\n",
       "      <th>season</th>\n",
       "      <th>yr</th>\n",
       "      <th>mnth</th>\n",
       "      <th>holiday</th>\n",
       "      <th>weekday</th>\n",
       "      <th>workingday</th>\n",
       "      <th>weathersit</th>\n",
       "      <th>temp</th>\n",
       "      <th>atemp</th>\n",
       "      <th>hum</th>\n",
       "      <th>windspeed</th>\n",
       "      <th>casual</th>\n",
       "      <th>registered</th>\n",
       "      <th>cnt</th>\n",
       "    </tr>\n",
       "  </thead>\n",
       "  <tbody>\n",
       "    <tr>\n",
       "      <th>instant</th>\n",
       "      <td>1.000000</td>\n",
       "      <td>4.135867e-01</td>\n",
       "      <td>8.660262e-01</td>\n",
       "      <td>4.982507e-01</td>\n",
       "      <td>0.016275</td>\n",
       "      <td>-0.000023</td>\n",
       "      <td>-0.004619</td>\n",
       "      <td>-0.021862</td>\n",
       "      <td>0.150738</td>\n",
       "      <td>0.152773</td>\n",
       "      <td>0.016080</td>\n",
       "      <td>-0.112667</td>\n",
       "      <td>0.275604</td>\n",
       "      <td>0.660544</td>\n",
       "      <td>0.629896</td>\n",
       "    </tr>\n",
       "    <tr>\n",
       "      <th>season</th>\n",
       "      <td>0.413587</td>\n",
       "      <td>1.000000e+00</td>\n",
       "      <td>-2.248195e-17</td>\n",
       "      <td>8.310321e-01</td>\n",
       "      <td>-0.010868</td>\n",
       "      <td>-0.003081</td>\n",
       "      <td>0.013762</td>\n",
       "      <td>0.021306</td>\n",
       "      <td>0.333361</td>\n",
       "      <td>0.342014</td>\n",
       "      <td>0.208220</td>\n",
       "      <td>-0.229607</td>\n",
       "      <td>0.208737</td>\n",
       "      <td>0.410310</td>\n",
       "      <td>0.404584</td>\n",
       "    </tr>\n",
       "    <tr>\n",
       "      <th>yr</th>\n",
       "      <td>0.866026</td>\n",
       "      <td>-2.248195e-17</td>\n",
       "      <td>1.000000e+00</td>\n",
       "      <td>-2.470170e-17</td>\n",
       "      <td>0.008195</td>\n",
       "      <td>-0.005466</td>\n",
       "      <td>-0.002945</td>\n",
       "      <td>-0.050322</td>\n",
       "      <td>0.048789</td>\n",
       "      <td>0.047215</td>\n",
       "      <td>-0.112547</td>\n",
       "      <td>-0.011624</td>\n",
       "      <td>0.250502</td>\n",
       "      <td>0.596911</td>\n",
       "      <td>0.569728</td>\n",
       "    </tr>\n",
       "    <tr>\n",
       "      <th>mnth</th>\n",
       "      <td>0.498251</td>\n",
       "      <td>8.310321e-01</td>\n",
       "      <td>-2.470170e-17</td>\n",
       "      <td>1.000000e+00</td>\n",
       "      <td>0.018905</td>\n",
       "      <td>0.009523</td>\n",
       "      <td>-0.004688</td>\n",
       "      <td>0.045613</td>\n",
       "      <td>0.219083</td>\n",
       "      <td>0.226430</td>\n",
       "      <td>0.224937</td>\n",
       "      <td>-0.208013</td>\n",
       "      <td>0.121208</td>\n",
       "      <td>0.291952</td>\n",
       "      <td>0.278191</td>\n",
       "    </tr>\n",
       "    <tr>\n",
       "      <th>holiday</th>\n",
       "      <td>0.016275</td>\n",
       "      <td>-1.086804e-02</td>\n",
       "      <td>8.195345e-03</td>\n",
       "      <td>1.890483e-02</td>\n",
       "      <td>1.000000</td>\n",
       "      <td>-0.101962</td>\n",
       "      <td>-0.252948</td>\n",
       "      <td>-0.034395</td>\n",
       "      <td>-0.028764</td>\n",
       "      <td>-0.032703</td>\n",
       "      <td>-0.015662</td>\n",
       "      <td>0.006257</td>\n",
       "      <td>0.054055</td>\n",
       "      <td>-0.109142</td>\n",
       "      <td>-0.068764</td>\n",
       "    </tr>\n",
       "    <tr>\n",
       "      <th>weekday</th>\n",
       "      <td>-0.000023</td>\n",
       "      <td>-3.081198e-03</td>\n",
       "      <td>-5.466369e-03</td>\n",
       "      <td>9.522969e-03</td>\n",
       "      <td>-0.101962</td>\n",
       "      <td>1.000000</td>\n",
       "      <td>0.035800</td>\n",
       "      <td>0.031112</td>\n",
       "      <td>-0.000168</td>\n",
       "      <td>-0.007539</td>\n",
       "      <td>-0.052290</td>\n",
       "      <td>0.014283</td>\n",
       "      <td>0.059978</td>\n",
       "      <td>0.057427</td>\n",
       "      <td>0.067534</td>\n",
       "    </tr>\n",
       "    <tr>\n",
       "      <th>workingday</th>\n",
       "      <td>-0.004619</td>\n",
       "      <td>1.376178e-02</td>\n",
       "      <td>-2.945396e-03</td>\n",
       "      <td>-4.687953e-03</td>\n",
       "      <td>-0.252948</td>\n",
       "      <td>0.035800</td>\n",
       "      <td>1.000000</td>\n",
       "      <td>0.060236</td>\n",
       "      <td>0.053470</td>\n",
       "      <td>0.052940</td>\n",
       "      <td>0.023202</td>\n",
       "      <td>-0.018666</td>\n",
       "      <td>-0.517607</td>\n",
       "      <td>0.305437</td>\n",
       "      <td>0.062542</td>\n",
       "    </tr>\n",
       "    <tr>\n",
       "      <th>weathersit</th>\n",
       "      <td>-0.021862</td>\n",
       "      <td>2.130636e-02</td>\n",
       "      <td>-5.032247e-02</td>\n",
       "      <td>4.561335e-02</td>\n",
       "      <td>-0.034395</td>\n",
       "      <td>0.031112</td>\n",
       "      <td>0.060236</td>\n",
       "      <td>1.000000</td>\n",
       "      <td>-0.119503</td>\n",
       "      <td>-0.120559</td>\n",
       "      <td>0.590277</td>\n",
       "      <td>0.039769</td>\n",
       "      <td>-0.246044</td>\n",
       "      <td>-0.259025</td>\n",
       "      <td>-0.295929</td>\n",
       "    </tr>\n",
       "    <tr>\n",
       "      <th>temp</th>\n",
       "      <td>0.150738</td>\n",
       "      <td>3.333607e-01</td>\n",
       "      <td>4.878919e-02</td>\n",
       "      <td>2.190833e-01</td>\n",
       "      <td>-0.028764</td>\n",
       "      <td>-0.000168</td>\n",
       "      <td>0.053470</td>\n",
       "      <td>-0.119503</td>\n",
       "      <td>1.000000</td>\n",
       "      <td>0.991696</td>\n",
       "      <td>0.128565</td>\n",
       "      <td>-0.158186</td>\n",
       "      <td>0.542731</td>\n",
       "      <td>0.539436</td>\n",
       "      <td>0.627044</td>\n",
       "    </tr>\n",
       "    <tr>\n",
       "      <th>atemp</th>\n",
       "      <td>0.152773</td>\n",
       "      <td>3.420139e-01</td>\n",
       "      <td>4.721519e-02</td>\n",
       "      <td>2.264302e-01</td>\n",
       "      <td>-0.032703</td>\n",
       "      <td>-0.007539</td>\n",
       "      <td>0.052940</td>\n",
       "      <td>-0.120559</td>\n",
       "      <td>0.991696</td>\n",
       "      <td>1.000000</td>\n",
       "      <td>0.141512</td>\n",
       "      <td>-0.183876</td>\n",
       "      <td>0.543362</td>\n",
       "      <td>0.543678</td>\n",
       "      <td>0.630685</td>\n",
       "    </tr>\n",
       "    <tr>\n",
       "      <th>hum</th>\n",
       "      <td>0.016080</td>\n",
       "      <td>2.082196e-01</td>\n",
       "      <td>-1.125471e-01</td>\n",
       "      <td>2.249368e-01</td>\n",
       "      <td>-0.015662</td>\n",
       "      <td>-0.052290</td>\n",
       "      <td>0.023202</td>\n",
       "      <td>0.590277</td>\n",
       "      <td>0.128565</td>\n",
       "      <td>0.141512</td>\n",
       "      <td>1.000000</td>\n",
       "      <td>-0.248506</td>\n",
       "      <td>-0.075211</td>\n",
       "      <td>-0.089212</td>\n",
       "      <td>-0.098543</td>\n",
       "    </tr>\n",
       "    <tr>\n",
       "      <th>windspeed</th>\n",
       "      <td>-0.112667</td>\n",
       "      <td>-2.296069e-01</td>\n",
       "      <td>-1.162435e-02</td>\n",
       "      <td>-2.080131e-01</td>\n",
       "      <td>0.006257</td>\n",
       "      <td>0.014283</td>\n",
       "      <td>-0.018666</td>\n",
       "      <td>0.039769</td>\n",
       "      <td>-0.158186</td>\n",
       "      <td>-0.183876</td>\n",
       "      <td>-0.248506</td>\n",
       "      <td>1.000000</td>\n",
       "      <td>-0.167995</td>\n",
       "      <td>-0.217914</td>\n",
       "      <td>-0.235132</td>\n",
       "    </tr>\n",
       "    <tr>\n",
       "      <th>casual</th>\n",
       "      <td>0.275604</td>\n",
       "      <td>2.087373e-01</td>\n",
       "      <td>2.505017e-01</td>\n",
       "      <td>1.212079e-01</td>\n",
       "      <td>0.054055</td>\n",
       "      <td>0.059978</td>\n",
       "      <td>-0.517607</td>\n",
       "      <td>-0.246044</td>\n",
       "      <td>0.542731</td>\n",
       "      <td>0.543362</td>\n",
       "      <td>-0.075211</td>\n",
       "      <td>-0.167995</td>\n",
       "      <td>1.000000</td>\n",
       "      <td>0.394137</td>\n",
       "      <td>0.672123</td>\n",
       "    </tr>\n",
       "    <tr>\n",
       "      <th>registered</th>\n",
       "      <td>0.660544</td>\n",
       "      <td>4.103102e-01</td>\n",
       "      <td>5.969106e-01</td>\n",
       "      <td>2.919516e-01</td>\n",
       "      <td>-0.109142</td>\n",
       "      <td>0.057427</td>\n",
       "      <td>0.305437</td>\n",
       "      <td>-0.259025</td>\n",
       "      <td>0.539436</td>\n",
       "      <td>0.543678</td>\n",
       "      <td>-0.089212</td>\n",
       "      <td>-0.217914</td>\n",
       "      <td>0.394137</td>\n",
       "      <td>1.000000</td>\n",
       "      <td>0.945411</td>\n",
       "    </tr>\n",
       "    <tr>\n",
       "      <th>cnt</th>\n",
       "      <td>0.629896</td>\n",
       "      <td>4.045838e-01</td>\n",
       "      <td>5.697285e-01</td>\n",
       "      <td>2.781909e-01</td>\n",
       "      <td>-0.068764</td>\n",
       "      <td>0.067534</td>\n",
       "      <td>0.062542</td>\n",
       "      <td>-0.295929</td>\n",
       "      <td>0.627044</td>\n",
       "      <td>0.630685</td>\n",
       "      <td>-0.098543</td>\n",
       "      <td>-0.235132</td>\n",
       "      <td>0.672123</td>\n",
       "      <td>0.945411</td>\n",
       "      <td>1.000000</td>\n",
       "    </tr>\n",
       "  </tbody>\n",
       "</table>\n",
       "</div>"
      ],
      "text/plain": [
       "             instant        season            yr          mnth   holiday  \\\n",
       "instant     1.000000  4.135867e-01  8.660262e-01  4.982507e-01  0.016275   \n",
       "season      0.413587  1.000000e+00 -2.248195e-17  8.310321e-01 -0.010868   \n",
       "yr          0.866026 -2.248195e-17  1.000000e+00 -2.470170e-17  0.008195   \n",
       "mnth        0.498251  8.310321e-01 -2.470170e-17  1.000000e+00  0.018905   \n",
       "holiday     0.016275 -1.086804e-02  8.195345e-03  1.890483e-02  1.000000   \n",
       "weekday    -0.000023 -3.081198e-03 -5.466369e-03  9.522969e-03 -0.101962   \n",
       "workingday -0.004619  1.376178e-02 -2.945396e-03 -4.687953e-03 -0.252948   \n",
       "weathersit -0.021862  2.130636e-02 -5.032247e-02  4.561335e-02 -0.034395   \n",
       "temp        0.150738  3.333607e-01  4.878919e-02  2.190833e-01 -0.028764   \n",
       "atemp       0.152773  3.420139e-01  4.721519e-02  2.264302e-01 -0.032703   \n",
       "hum         0.016080  2.082196e-01 -1.125471e-01  2.249368e-01 -0.015662   \n",
       "windspeed  -0.112667 -2.296069e-01 -1.162435e-02 -2.080131e-01  0.006257   \n",
       "casual      0.275604  2.087373e-01  2.505017e-01  1.212079e-01  0.054055   \n",
       "registered  0.660544  4.103102e-01  5.969106e-01  2.919516e-01 -0.109142   \n",
       "cnt         0.629896  4.045838e-01  5.697285e-01  2.781909e-01 -0.068764   \n",
       "\n",
       "             weekday  workingday  weathersit      temp     atemp       hum  \\\n",
       "instant    -0.000023   -0.004619   -0.021862  0.150738  0.152773  0.016080   \n",
       "season     -0.003081    0.013762    0.021306  0.333361  0.342014  0.208220   \n",
       "yr         -0.005466   -0.002945   -0.050322  0.048789  0.047215 -0.112547   \n",
       "mnth        0.009523   -0.004688    0.045613  0.219083  0.226430  0.224937   \n",
       "holiday    -0.101962   -0.252948   -0.034395 -0.028764 -0.032703 -0.015662   \n",
       "weekday     1.000000    0.035800    0.031112 -0.000168 -0.007539 -0.052290   \n",
       "workingday  0.035800    1.000000    0.060236  0.053470  0.052940  0.023202   \n",
       "weathersit  0.031112    0.060236    1.000000 -0.119503 -0.120559  0.590277   \n",
       "temp       -0.000168    0.053470   -0.119503  1.000000  0.991696  0.128565   \n",
       "atemp      -0.007539    0.052940   -0.120559  0.991696  1.000000  0.141512   \n",
       "hum        -0.052290    0.023202    0.590277  0.128565  0.141512  1.000000   \n",
       "windspeed   0.014283   -0.018666    0.039769 -0.158186 -0.183876 -0.248506   \n",
       "casual      0.059978   -0.517607   -0.246044  0.542731  0.543362 -0.075211   \n",
       "registered  0.057427    0.305437   -0.259025  0.539436  0.543678 -0.089212   \n",
       "cnt         0.067534    0.062542   -0.295929  0.627044  0.630685 -0.098543   \n",
       "\n",
       "            windspeed    casual  registered       cnt  \n",
       "instant     -0.112667  0.275604    0.660544  0.629896  \n",
       "season      -0.229607  0.208737    0.410310  0.404584  \n",
       "yr          -0.011624  0.250502    0.596911  0.569728  \n",
       "mnth        -0.208013  0.121208    0.291952  0.278191  \n",
       "holiday      0.006257  0.054055   -0.109142 -0.068764  \n",
       "weekday      0.014283  0.059978    0.057427  0.067534  \n",
       "workingday  -0.018666 -0.517607    0.305437  0.062542  \n",
       "weathersit   0.039769 -0.246044   -0.259025 -0.295929  \n",
       "temp        -0.158186  0.542731    0.539436  0.627044  \n",
       "atemp       -0.183876  0.543362    0.543678  0.630685  \n",
       "hum         -0.248506 -0.075211   -0.089212 -0.098543  \n",
       "windspeed    1.000000 -0.167995   -0.217914 -0.235132  \n",
       "casual      -0.167995  1.000000    0.394137  0.672123  \n",
       "registered  -0.217914  0.394137    1.000000  0.945411  \n",
       "cnt         -0.235132  0.672123    0.945411  1.000000  "
      ]
     },
     "execution_count": 3,
     "metadata": {},
     "output_type": "execute_result"
    }
   ],
   "source": [
    "data.corr()"
   ]
  },
  {
   "cell_type": "code",
   "execution_count": null,
   "id": "d9400476",
   "metadata": {},
   "outputs": [],
   "source": []
  }
 ],
 "metadata": {
  "kernelspec": {
   "display_name": "Python 3",
   "language": "python",
   "name": "python3"
  },
  "language_info": {
   "codemirror_mode": {
    "name": "ipython",
    "version": 3
   },
   "file_extension": ".py",
   "mimetype": "text/x-python",
   "name": "python",
   "nbconvert_exporter": "python",
   "pygments_lexer": "ipython3",
   "version": "3.6.13"
  }
 },
 "nbformat": 4,
 "nbformat_minor": 5
}
